108
145
213
235
308
321
324
325
326
327
328
329
331
332
335
336
342
345
354
361
364
365
381
389
394
399
407
409
424
429
437
442
454
462
464
469
489
495
506
510
511
522
525
526
529
532
533
534
535
537
538
539
540
541
543
546
547
549
550
553
555
558
559
561
562
563
568
569
572
573
574
576
577
578
579
580
581
582
583
584
585
586
587
588
589
590
591
592
594
595
596
597
598
600
614
617
618
627
629
636
643
652
666
676
677
684
687
708
709
711
713
718
724
726
727
731
735
739
743
745
748
750
753
757
759
765
767
768
769
781
786
790
792
793
796
799
800
804
812
814
815
819
826
830
832
840
843
847
856
861
873
875
877
878
880
883
890
892